100000
200
0.01
1
0.01
-0.943138 -0.598179 -0.234207 0.12831 0.937799
0.0102636 0.254438 -0.0811103 0.0137674 0.998638
-0.801715 -0.889582 -0.0700076 0.059957 0.599029
-0.336447 0.202847 0.0419491 0.189767 0.382051
0.130118 0.0382656 0.151015 0.185435 0.653958
-0.503455 0.73456 -0.0017553 0.066139 0.34538
0.812006 0.321418 0.0231453 0.218794 0.417329
-0.0318197 -0.114559 -0.227726 0.160935 0.970255
-0.913629 0.842024 -0.237268 -0.0484147 0.540926
0.248987 0.469894 -0.178825 -0.145804 0.614481
0.0488023 0.546901 -0.183193 -0.0867843 0.644321
0.575144 0.149408 0.00580049 -0.107969 0.206982
0.713963 -0.619871 0.183846 -0.048364 0.127653
-0.429959 0.774724 0.0351868 -0.0852159 0.709232
0.0812575 -0.254492 0.065122 0.0330464 0.775925
-0.65766 -0.618827 0.00543591 -0.09324 0.398978
-0.749294 0.675842 -0.163786 -0.120516 0.164353
0.633499 -0.906922 0.119528 -0.0858248 0.3306
0.892077 -0.629337 0.0103325 0.156865 0.588604
0.296636 -0.8025 -0.012017 -0.140654 0.428318
-0.629604 0.518641 0.150536 0.157721 0.325413
0.153994 0.973224 0.00799981 -0.206066 0.300132
0.829955 -0.573557 -0.180973 -0.206297 0.472189
-0.395189 0.80831 0.00936389 -0.229269 0.232505
0.698656 0.975001 -0.0410815 -0.0650035 0.80123
-0.987118 -0.963378 0.19999 -0.00879657 0.237003
-0.343403 0.335209 0.248162 -0.185315 0.483046
-0.356527 0.412736 -0.0151708 0.168868 0.794236
0.539581 0.505427 -0.246271 0.203922 0.840119
-0.0407062 -0.579501 0.122137 0.249187 0.251712
0.953559 0.695405 -0.130394 -0.0526918 0.217696
-0.919114 -0.197885 -0.131996 0.220212 0.883464
-0.0539801 -0.462556 0.0255344 -0.0153333 0.398093
-0.931769 0.58214 -0.19777 0.00188684 0.628806
0.797395 -0.452872 -0.0592399 0.203078 0.181408
-0.556721 -0.228395 -0.0541713 0.232957 0.384177
0.286738 0.885386 -0.13406 0.191291 0.33731
-0.100849 0.846049 0.119183 0.0927912 0.863448
0.243662 -0.682815 -0.183915 -0.16355 0.627926
0.060526 -0.58597 -0.040502 0.0673619 0.710789
-0.904395 0.0668423 0.242177 -0.0353388 0.439577
-0.668478 0.301924 0.162689 0.0287092 0.616875
-0.580888 -0.598425 0.0297843 -0.0292823 0.0833693
0.793756 0.782022 -0.246803 0.0676226 0.576593
0.739683 -0.485847 0.117593 -0.248994 0.429976
-0.273777 0.0645494 0.0684957 0.141054 0.166999
-0.304439 0.65982 0.10021 -0.0839333 0.259232
-0.720007 -0.00421131 0.205097 0.232688 0.0553128
0.054139 -0.650138 -0.12195 -0.206681 0.616366
-0.321061 0.967033 0.00368863 -0.0770682 0.618761
-0.832059 -0.568589 0.187919 0.159578 0.217717
-0.388372 -0.635464 0.124996 0.221403 0.964376
0.833981 -0.418829 0.147143 0.0587051 0.622719
-0.892965 0.514813 -0.189693 0.231856 0.722782
-0.648148 -0.0184374 0.198856 -0.0339867 0.577419
0.0281578 0.542993 0.0304678 -0.239272 0.11736
-0.640606 -0.789146 -0.0834674 -0.222233 0.924583
0.101564 -0.277302 -0.196574 -0.0996131 0.304154
-0.857546 -0.564471 0.0473699 0.182756 0.835174
-0.565083 0.83806 0.0462904 -0.0809641 0.882742
-0.369275 0.0279959 -0.0632384 -0.143463 0.946025
0.901885 0.454308 0.10876 0.00593919 0.74861
0.669762 0.383151 0.177018 -0.166027 0.74711
0.55724 0.437456 -0.19577 0.192736 0.019502
-0.174773 0.913397 -0.131367 -0.246323 0.822211
-0.855119 -0.550377 0.120621 0.0825107 0.562884
0.247966 0.960768 -0.211559 0.248753 0.193459
-0.954188 0.896898 0.210306 0.120214 0.460328
0.338445 0.150616 -0.174048 0.0116297 0.743254
0.798027 -0.396241 -0.0190091 -0.246264 0.187351
-0.0370324 -0.159828 -0.177975 0.109375 0.427439
0.932521 0.582381 0.0761255 0.103751 0.456212
-0.569731 -0.337031 -0.0317021 -0.103992 0.328991
0.260109 -0.370155 -0.11128 0.0253336 0.0553493
0.475536 -0.560221 0.0653285 0.194835 0.743149
-0.252178 0.577368 -0.227486 0.167946 0.796157
-0.535241 -0.365247 -0.141878 -0.0617856 0.0361266
0.287364 -0.314622 0.163659 -0.102033 0.0501905
-0.432941 0.0221355 -0.0591624 0.110063 0.803084
0.421333 -0.29964 -0.190997 0.244053 0.900847
-0.653289 0.451749 -0.189632 0.152006 0.615545
0.727771 -0.644153 -0.0478853 0.204457 0.0138161
-0.599227 -0.717413 -0.0844037 -0.0416853 0.517722
-0.265362 -0.879377 0.180206 -0.152682 0.356245
0.821204 -0.0436686 0.183656 -0.103861 0.198291
0.340793 -0.994113 0.0242354 0.144201 0.99105
-0.101365 0.923516 0.108462 0.0350271 0.765771
-0.335061 -0.13212 0.221847 0.118349 0.342854
0.91502 0.87417 -0.00792615 -0.105649 0.353715
-0.99626 0.312043 -0.0429869 0.181141 0.850658
0.540542 0.545766 -0.0855881 0.0687918 0.0651603
0.0542295 -0.38404 -0.215948 -0.212207 0.0963827
-0.881693 0.0498062 -0.22093 0.138039 0.0949574
0.647823 -0.782905 0.0144487 0.133803 0.845246
0.743503 0.450231 0.141166 -0.0720504 0.013818
-0.727908 -0.284462 0.0849199 0.0250361 0.220051
0.0409957 -0.359314 0.246467 0.174661 0.957927
-0.883812 -0.247127 -0.117047 -0.186901 0.452022
-0.275421 -0.629297 0.238462 -0.0397849 0.961429
-0.856235 -0.511317 -0.215012 0.0503899 0.0119469
0.830446 -0.0549375 0.118531 0.0987771 0.82843
0.501761 0.667201 -0.1569 -0.0396399 0.383672
-0.1875 0.882436 0.102008 -0.0504081 0.79054
0.323885 -0.0854443 -0.166512 0.213925 0.583476
0.237996 -0.419722 0.134413 0.0479614 0.710569
0.460512 0.33561 0.227455 0.150116 0.268585
0.933715 0.430911 0.120558 0.10196 0.41301
0.139093 -0.0903996 -0.126695 0.127873 0.87552
0.260565 -0.676008 0.158369 -0.0828509 0.56118
0.214556 0.992481 -0.240771 0.137127 0.92409
0.203867 -0.213497 -0.142886 -0.0646199 0.989174
0.849595 -0.797968 0.0784897 0.189854 0.901249
0.851128 0.693131 0.0583521 0.0833401 0.550485
-0.940572 -0.527547 -0.247357 -0.111838 0.991973
0.761611 0.813213 -0.173016 0.098772 0.240904
0.430298 -0.390356 -0.131428 0.116803 0.0790758
-0.677531 -0.328919 -0.0138363 -0.0622684 0.706301
-0.0769964 -0.399479 0.153658 -0.190759 0.179969
0.417131 -0.911909 -0.236733 -0.0873652 0.710726
0.154039 -0.290033 0.223476 0.0411523 0.631307
0.87785 -0.0737792 0.0189569 -0.203553 0.160654
0.557636 0.616086 -0.0172618 -0.242018 0.54165
0.0891044 -0.645605 0.188595 -0.24156 0.552661
0.166982 -0.043237 0.176461 -0.0545961 0.596863
-0.934219 -0.801253 0.070454 -0.220288 0.424643
-0.296733 0.272887 0.139813 -0.100707 0.218748
-0.178132 -0.524978 0.0909293 0.224424 0.330405
0.685026 0.455332 -0.180776 -0.0960053 0.743629
0.360196 0.705083 0.210413 0.0286441 0.869421
-0.0530248 -0.718442 -0.0760986 -0.0867954 0.531587
0.889331 -0.281401 0.0654802 0.0427868 0.418724
-0.888793 0.874414 -0.222416 0.167615 0.235793
-0.452169 -0.507672 -0.0133482 0.227887 0.195012
0.607417 0.596575 0.211339 0.221078 0.106277
0.332613 0.244508 0.229409 0.0435667 0.179542
0.65648 -0.878758 -0.0898393 -0.161979 0.38703
0.703817 -0.758583 0.123165 -0.00856563 0.706282
-0.669893 0.0769445 0.0717445 -0.13989 0.373702
0.758564 -0.0117273 0.0599332 -0.0737072 0.449911
0.629757 -0.687412 -0.125901 0.118778 0.0984503
-0.29105 -0.192274 0.110352 -0.0933532 0.990996
0.800493 -0.716933 -0.224191 -0.139716 0.317577
-0.122705 -0.855048 -0.0308575 -0.157512 0.555345
-0.710866 -0.29994 -0.203092 0.144028 0.570251
-0.0649614 0.334676 -0.217806 -0.206307 0.0199236
0.0285958 0.804528 -0.161891 0.131248 0.63982
-0.450664 -0.766058 -0.228158 0.247686 0.430265
-0.930641 0.791237 0.0358991 -0.206852 0.116186
0.778749 0.0498883 -0.155669 -0.0861702 0.709921
0.488014 -0.0555468 -0.220024 0.168912 0.260283
0.260404 -0.389313 0.21381 0.0972947 0.392729
0.895088 -0.582225 -0.102503 -0.188119 0.971383
0.869627 -0.20314 -0.205823 0.239248 0.393802
0.0372376 -0.973647 -0.10529 -0.204792 0.0994731
-0.188786 0.959583 0.0622087 0.0471346 0.307451
-0.331323 -0.323448 0.139839 -0.0528552 0.1761
-0.920079 -0.951016 -0.00927821 0.233791 0.719081
0.748345 0.83025 0.213984 -0.165417 0.038887
0.798704 -0.792041 -0.0313416 0.243853 0.0824764
0.662238 0.0126497 -0.202174 -0.18973 0.596742
-0.609748 0.0522926 0.0382668 0.159772 0.120415
0.76797 -0.692237 -0.0206542 0.0818314 0.548171
0.269584 0.407247 0.0363315 -0.191882 0.671204
-0.416512 0.980816 0.0431648 -0.140144 0.159574
0.250433 -0.761871 -0.118223 -0.218733 0.106771
-0.30794 0.787304 0.0565478 -0.0291586 0.0141916
-0.580325 0.273617 0.0201689 0.143185 0.456352
0.321507 0.340712 0.0551166 -0.190278 0.334019
-0.683191 0.508474 -0.231179 0.115534 0.870472
0.417693 -0.954377 0.18044 -0.102412 0.242524
-0.959091 0.840785 -0.0692055 -0.107996 0.982926
-0.0632807 0.260077 0.188289 -0.209272 0.0717214
0.781539 -0.417415 0.104265 -0.0344463 0.0776634
-0.670236 -0.816279 0.12401 0.137558 0.211306
-0.835924 0.867039 0.232771 -0.19016 0.664587
0.67203 0.657052 0.0936992 0.0984477 0.123702
0.859845 0.4347 -0.227953 -0.104244 0.00135863
-0.94596 0.519743 0.0656986 0.201799 0.841326
0.406237 0.588734 -0.183691 -0.0441757 0.225474
-0.579435 0.153061 -0.0913325 0.229151 0.351645
0.0572814 -0.919321 -0.107418 -0.00290841 0.160019
0.899503 -0.339604 0.244273 0.0685749 0.0270935
-0.775506 0.134145 0.122222 -0.17183 0.858584
0.491605 -0.633279 0.0592277 -0.0614003 0.0869584
-0.0804364 -0.839364 0.190663 0.0462004 0.491967
-0.7864 0.605366 -0.215752 -0.0379324 0.760985
-0.159715 0.905552 0.150662 0.102654 0.446959
0.922687 0.310117 0.138579 0.224944 0.292208
0.608501 -0.87573 0.17964 0.0243471 0.218476
0.43573 -0.411007 -0.0490816 -0.0818399 0.671696
-0.0224096 0.592204 0.126007 -0.0649396 0.388503
-0.512039 -0.0461584 -0.154407 -0.0937613 0.901056
0.904342 0.465239 0.176916 0.126748 0.437927
-0.398418 0.429677 -0.203507 -0.211026 0.664727
-0.229613 0.764397 0.113431 -0.127763 0.430893
0.890676 0.924679 0.112694 -0.0764127 0.29866
-0.20583 0.67194 -0.202619 -0.175451 0.206091
-0.0334706 -0.213842 0.0915057 0.0872254 0.705556
0.168135 0.253243 -0.030912 -0.0310504 0.380117
0.752206 0.47738 -0.202523 0.234544 0.816638
